0.422881133456, 0.1875151631, 0.180860637641, -0.6785885455, -1.0971933237, -0.641531542099, 0.837882293928, 0.162117706072, 2, 32.257359952, 1.02302234433
0.54289570219, 0.175890790078, -0.057516042413, -0.858230126537, -0.759215588969, 1.02055468841, 0.906886398336, 0.0931136016644, 2, 23.7292245433, 1.89639572578
1.2740254032, 0.102862786943, -0.0882956677383, -1.57455845102, -1.19834669589, 5.1056198812, 0.995266527248, 0.00473347275243, 2, 27.4356319373, 2.69722236285
0.533735516602, 0.0199567792836, -0.0104254422096, -2.09873765195, -1.19758236309, 5.28261699347, 0.998929064292, 0.00107093570788, 0, 126.695697656, 0.165751484766
1.22577743507, 0.153382281003, 0.153250765056, -3.06515227146, -1.15241287261, 9.31002617135, 0.986539824558, 0.0134601754421, 0, 17.2208246828, 3.48415369794
0.424469587382, 0.014464653428, 0.0551738699813, -0.340304896333, -1.21118973061, -0.947603638925, 0.999927778438, 7.22215617563e-05, 0, 170.277309124, 0.0646005040635
0.520031913406, 0.162532645947, 0.456160150324, -1.47653413143, -1.14286089646, 0.845785046447, 0.956862868941, 0.0431371310588, 2, 19.6354964388, 0.865778975998
0.024755236346, 0.590445670477, 0.0965471091146, -0.0982663620326, -1.07675411611, -1.0770592584, 0.99974951741, 0.00025048258972, 0, 168.69254454, 0.177838327603
0.126657916729, 0.109492045958, 0.0379451926437, 0.158161857205, -0.824703573389, -1.21836276853, 0.610802367473, 0.389197632527, 0, 46.8645545066, 0.128028529518
0.104283752487, 0.0709429114413, -1.2264598425, 0.389068681552, -0.0573853895485, -1.72134265849, 0.772369657847, 0.227630342153, 0, 97.2689419327, 0.0514038695256
0.424033071574, 0.0658758554969, -0.458525329364, -0.17511813637, -0.739836074598, 1.79651401541, 0.976698387609, 0.0233016123914, 0, 72.84208798, 0.521676424355
0.151924267858, 0.0857862560774, -0.0617536355948, -0.21350829747, -1.36263634481, -1.68891926935, 0.825523067208, 0.174476932792, 2, 56.1390639444, 0.0890645416702
0.0535039051754, 0.340873706029, 1.12944655546, 0.229668417656, 0.535993909477, -1.1526531655, 0.981945721752, 0.0180542782484, 2, 80.6897760995, 0.223076588759
0.0207115873882, 0.206190012837, 0.708369501978, 0.146480229122, -0.897598604164, -1.0673783632, 0.992785412994, 0.00721458700618, 0, 159.478185055, 0.0376227005462
1.27574334689, 0.104376243556, -0.0606481707752, -1.43454512087, -1.19729147855, 4.77795994189, 0.995321753502, 0.00467824649782, 2, 27.4932668096, 2.65519556136
0.533557555666, 0.0192643227895, -0.00900758048977, -0.570102807354, -1.20107295014, -0.5990444555, 0.999220216201, 0.000779783799469, 0, 163.87139641, 0.128149271075
1.22590032541, 0.155507199848, 0.153925954602, -3.12346759495, -1.15259271776, 9.80222386271, 0.986129231297, 0.0138707687034, 0, 16.7979365933, 3.57186727469
0.426515161623, 0.0172418051668, 0.0653192595524, -0.709793739702, -1.20817631526, -0.234885040022, 0.999866544537, 0.000133455463191, 0, 132.708624541, 0.0828883581459
0.47520431588, 0.162278322618, 0.474974583694, -1.38041875457, -1.11748003312, 0.55120487126, 0.952234562725, 0.0477654372747, 2, 20.6177397217, 0.776030749053
0.148143492113, 0.128830714455, 0.0221696540477, -0.0955812696291, -1.6956948726, -1.71068303497, 0.974154147502, 0.0258458524977, 0, 94.5890190873, 0.137436672094
0.0897768620901, 1.03935537095, -3.75242115882, -0.212751054704, 16.5802473856, -1.17386706804, 0.993071515615, 0.0069284843855, 2, 24.318371265, 1.97381639901
0.52631926167, 0.124778636889, -0.301488484188, -0.40547548795, -0.859342114916, 0.781331551976, 0.955408004627, 0.0445919953729, 0, 34.3564228672, 1.22247884078
0.280232473281, 0.094563534337, -0.209053911622, -0.552086393318, -1.30236946483, -1.02159404929, 0.966852794142, 0.0331472058584, 2, 60.3541685169, 0.231964093683
0.106679815453, 0.1084545913, 0.310543448548, 0.23421077396, -1.09554299824, -1.29165207512, 0.89300826796, 0.10699173204, 0, 75.6978658706, 0.105683296457
0.0944292602229, 0.16105269458, -0.284321777861, 0.457406771294, -1.4929296867, -1.15749910034, 0.976255420078, 0.0237445799215, 2, 50.3388682256, 0.119192191074
0.0953332614721, 0.15946779289, 0.959270996434, -0.397139736593, -0.67859370456, -1.28327968275, 0.872510130263, 0.127489869737, 0, 53.5408925503, 0.112063877052
0.117403501702, 1.1401534461, 0.331561824976, 0.145683341675, -0.0503083868149, -1.01167235055, 0.99266147611, 0.00733852389009, 2, 40.9407276445, 2.29600218189
0.248205068495, 0.0498025344037, 0.0871736061011, 0.653669994845, -1.23217949485, -0.520201001701, 0.97026238865, 0.0297376113495, 0, 59.0985078974, 0.118446306837
0.0790739728487, 1.21526585735, 0.566373761174, -0.208941303652, -1.13839165863, -1.16968298773, 0.995834335934, 0.00416566406605, 2, 44.5788552402, 1.07674366561
0.174581695523, 0.424369707146, 0.408111786357, -0.0358146930864, -1.17040693827, -0.836210918962, 0.960235298641, 0.0397647013595, 2, 95.1893608941, 0.98750531695
0.187940173692, 0.0745654279112, -0.00807179803055, -0.219446717351, -1.46113633123, -1.37193087867, 0.865152265839, 0.134847734161, 0, 48.9725092143, 0.10209809708
0.441815361951, 0.210233215684, 0.0285818746674, -0.0734573275847, -1.26135167283, -1.24932571653, 0.997482221765, 0.00251777823538, 2, 12.806873804, 0.858913749627
0.512151975643, 0.256394912839, 0.0014121589807, 0.0191176317581, -1.26156059074, -1.21927488961, 0.998316041789, 0.00168395821073, 2, 10.4790969558, 1.24056491269
0.310586420772, 0.055864116149, 0.00018399612507, 0.0195452771243, -1.38282262406, -1.27163543818, 0.997096058124, 0.00290394187617, 0, 49.4518219406, 0.14155191306
0.326372319031, 0.0528867785586, 0.00357178005572, -0.111746357038, -1.41403705827, -1.19107198552, 0.998337347473, 0.00166265252672, 0, 50.2213292106, 0.139383009371
0.284633559164, 0.47673120412, -1.40675828833, 0.509204190568, 0.88637715172, -1.07260505814, 0.868444876759, 0.131555123241, 2, 17.1646793013, 1.57299763812
0.0653943449289, 0.210289016573, -0.0899004373243, 0.0978011633611, -1.59833174001, -1.032746602, 0.93757912454, 0.0624208754602, 0, 59.6834404283, 0.117285463937
0.547365464867, 0.308296277995, -0.860041032546, -0.895440897981, -0.672563345483, -0.528886777944, 0.873418272306, 0.126581727694, 2, 26.0426521212, 1.80473170633
1.28783627036, 0.0957145031276, -0.0842756894241, -1.89896480304, -1.23119622367, 6.28535619812, 0.997012251789, 0.0029877482107, 0, 24.4481287756, 2.65869018429
0.533716147439, 0.0210672815122, -0.0101791926175, -0.62352007395, -1.19976206708, 0.340210374988, 0.999163128407, 0.000836871593178, 0, 128.481982933, 0.163447041528
1.19311217299, 0.110033388717, 0.148563637912, -3.40849260323, -1.14953031854, 11.9489777897, 0.992016335698, 0.00798366430207, 0, 22.3906464335, 2.59036737382
0.425510969499, 0.0161258748716, 0.0564436607443, -0.435134578589, -1.20429503296, -0.457392828793, 0.999875396706, 0.000124603294117, 0, 145.445619562, 0.0756296410516
0.523370635449, 0.16080712358, 0.459807010545, -1.45906218194, -1.14555359273, 0.700978626309, 0.956434027297, 0.0435659727027, 2, 20.2173093478, 0.840863623717
0.79237073775, 0.320826276016, -0.284338699563, 0.832663122071, -1.44146451522, -0.151929109875, 0.882059177617, 0.117940822383, 0, 13.9053716115, 2.94850084884
0.0967779088546, 1.33219416947, -1.89080353817, -0.0830383046558, 2.68857475036, -1.08448980583, 0.996989168992, 0.00301083100756, 2, 32.1722874844, 1.77171113579
0.0578605747652, 0.189102218204, -0.231716768441, -0.167822085391, -0.887454269391, -1.38438834097, 0.92683304053, 0.0731669594695, 0, 57.2853124612, 0.0872824077443
0.119757449768, 0.148735136691, 1.58922052709, 0.489816927763, 1.11806713883, -0.480972688221, 0.638068686096, 0.361931313904, 0, 37.8196935586, 0.185088755126
3.13638045225, 1.30527042778, -0.564464439761, -0.266486300369, -0.553588317964, -1.17884395377, 0.99436381434, 0.00563618566046, 2, 4.78175284772, 56.6737781375
0.131479541011, 0.0892277921872, -0.107955739952, 0.767579118962, -1.45673702291, -0.793081189803, 0.728311149476, 0.271688850524, 2, 55.6183807763, 0.0898983381072
0.00750315637233, 0.140855149277, 0.214244880909, 0.0149027985189, -1.18475221655, -1.22182688814, 0.997476178737, 0.00252382126341, 0, 810.210621933, 0.00987397570883
0.0893247147318, 0.440326395828, -0.391254064495, 0.236993888307, 0.18111114431, -1.17073218837, 0.971115599786, 0.028884400214, 0, 40.304185191, 0.521037701184
0.362607664488, 0.461440304099, -1.42024227125, 0.516592531569, 1.01672774331, -0.989325010057, 0.829065148052, 0.170934851948, 2, 17.8889192706, 2.06831946862
0.412328077598, 0.307477024098, -0.106370566408, -0.109391863178, -1.09026268215, -1.05568183536, 0.923670571521, 0.0763294284789, 2, 29.8415482037, 1.6420059598
0.0564161172372, 0.336573403184, -0.0237660942286, 0.0020726324727, -1.29913090975, -1.23701485208, 0.999874344261, 0.000125655739347, 0, 45.4613476908, 0.175973665682
0.592625408918, 0.301582927114, -0.610264988359, -1.09326167711, -1.07510255723, -0.169187740734, 0.882706561711, 0.117293438289, 0, 19.7815227332, 1.76932789614
1.24786639286, 0.10587329693, -0.0601154980434, -1.31723547152, -1.17067722632, 4.04626623727, 0.995043224117, 0.00495677588258, 2, 27.951524654, 2.61166433329
0.533838637352, 0.0241640823954, -0.0108231342773, -0.718582682466, -1.19916509053, 0.750502833438, 0.998957804722, 0.00104219527812, 0, 114.502500127, 0.183402108922
1.22552198944, 0.154112577704, 0.152695665496, -3.11175904748, -1.15114704488, 9.55491825732, 0.986470722801, 0.0135292771988, 0, 17.243686596, 3.47953435978
0.427224498629, 0.0185009262245, 0.0635934729372, -0.434724105206, -1.20094582925, -0.801399684527, 0.9997920213, 0.000207978700244, 0, 126.793435978, 0.0867552796812
0.474061013198, 0.214353865434, 0.567811305099, -1.37789917926, -1.04802058944, 0.700700607253, 0.919623833897, 0.0803761661034, 2, 15.9661599265, 1.06475195527
0.463521618408, 0.11445049464, -0.137618157614, -1.00275524982, -1.19363415574, 0.419314083217, 0.943797760249, 0.0562022397509, 0, 30.4886842525, 0.655981079221
0.0412681976464, 0.290655078627, 0.088858704607, -0.00311120089081, -1.25689112955, -1.21079379602, 0.999699034453, 0.00030096554665, 0, 111.137689823, 0.125969866949
0.457060017356, 0.92367963752, 1.17385901086, -0.884824380044, 0.171906684768, -0.468783621921, 0.848446548859, 0.151553451141, 2, 9.66073365099, 5.48612578658
0.152922163371, 0.111527889156, -0.539569494013, -0.318761560416, -0.802660177167, -0.739618097316, 0.904266003301, 0.0957339966992, 0, 37.066998495, 0.161869054513
0.0542090373557, 0.147718598553, -0.426503298984, -0.223832260537, -0.761713206898, -0.924546272861, 0.883789174512, 0.116210825488, 0, 89.4703588464, 0.0782382019057
1.13840416876, 0.580529414369, 0.0523955676839, -0.266036313689, -1.10537618597, -1.0341444286, 0.979848960818, 0.0201510391819, 0, 10.6568575875, 8.53910256871
0.0557924943535, 0.234281655933, 0.604270818447, 0.35598970921, -0.808133497852, -1.23708484166, 0.949617787049, 0.0503822129509, 0, 65.0610546158, 0.122961425191
0.144686871076, 0.0497211247801, 0.467186114263, 0.231625662979, -1.49902686329, -0.933880799045, 0.92550084487, 0.0744991551298, 2, 111.656925617, 0.0537360308538
0.0403287913904, 0.354925042003, 0.174257930078, -0.0657769058751, -0.6755261983, -1.22864288446, 0.990378152446, 0.00962184755365, 0, 101.59135492, 0.167337073251
0.0185913757647, 0.166402568405, 0.152614781207, 0.0500209304644, -1.16859441538, -1.28190080423, 0.999883345535, 0.00011665446457, 0, 198.052599755, 0.0252458185663
0.0370837613859, 0.176428432177, 0.32070061758, -0.108331199864, -1.55799133475, -1.21583258508, 0.966322948019, 0.0336770519814, 0, 141.692942766, 0.0494026015929
0.806683328177, 0.480075910856, 1.02980825868, 1.03955415972, -0.27318164459, -0.315243514363, 0.848645956082, 0.151354043918, 0, 12.2571658049, 4.40558615748
0.784979529893, 0.0716325974046, 0.0353938256574, -0.282447762051, -1.22709682098, -0.892238373464, 0.99397500215, 0.00602499784987, 2, 32.3071282978, 0.650011347539
1.15451300287, 0.0820243907794, -0.110944354236, 1.99516569832, -1.09548988624, 3.24052463543, 0.995864913156, 0.00413508684382, 2, 81.9745438554, 1.52486362377
0.487779194958, 0.088124602187, -0.110621717304, 0.465734926848, -1.22364096034, -0.800117474372, 0.99859505632, 0.0014049436799, 2, 28.0223787273, 0.463914934793
0.640566550881, 0.381621194154, -1.01138954507, 1.01549528425, -0.201673239478, -0.113449654439, 0.881492351513, 0.118507648487, 0, 14.7897853799, 2.90741203442
0.0427914634611, 0.457307386703, -0.376693174402, 0.0114417577852, -1.20082986377, -1.27120802902, 0.994530484493, 0.00546951550653, 0, 64.8087829293, 0.185160088766
0.591117485941, 0.279515059222, -0.5042497154, -1.33619248048, -1.11852930709, 0.555856195664, 0.864559498843, 0.135440501157, 0, 16.1964120495, 1.79052001834
1.31692617085, 0.0841570729965, -0.0468469288643, -2.96845749476, -1.1436821306, 11.569408877, 0.997537668676, 0.00246233132353, 2, 27.4827729726, 2.51066368262
1.22708893287, 0.116217978816, 0.0653983300544, -1.45895119405, -1.19534253196, 5.03497413653, 0.991312856949, 0.00868714305086, 2, 22.7233686771, 2.9925140487
0.971907706187, 0.215727095908, 0.189074318643, -1.35005795881, -1.26555543043, 1.98544081359, 0.97150352267, 0.02849647733, 2, 12.5287035774, 3.11285200094
0.157053217774, 0.123366657806, 0.282616664958, 0.378912756664, -1.18318215862, -1.7113943623, 0.673565518036, 0.326434481964, 0, 38.4197745586, 0.130141315441
0.0488644673489, 0.191276655406, 0.18106327938, -0.0656574506369, -1.69881394118, -1.47351233154, 0.957310786566, 0.0426892134344, 2, 80.2623396673, 0.062295717029
1.11826048781, 0.0948135418831, -0.0239119567819, -1.20541474873, -1.20396706066, 1.60843874106, 0.992982701602, 0.00701729839766, 2, 33.5439772234, 1.58001538241
1.0694405936, 0.0933121218808, 0.0315343950288, 0.218720194993, -1.07592107554, 0.248521880077, 0.995384021256, 0.00461597874409, 0, 45.5982772446, 1.57900702287
0.428129593534, 0.0831590216477, 0.231359150642, 0.668485756937, -1.15062715971, 0.0656806228569, 0.966209810161, 0.0337901898388, 0, 71.4311734312, 0.489982150912
0.549314767798, 0.0167020772691, 0.117455437916, -0.507201764117, -1.19968198944, -1.20573078316, 0.999869734684, 0.000130265315584, 0, 164.372494895, 0.0912561436118
0.0811646882761, 1.16909691294, -2.56595359008, 0.0496995963989, 8.6725679406, -1.15590696701, 0.997670420779, 0.00232957922061, 2, 32.2594953432, 1.95291337728
0.141289510342, 0.0451926711719, 1.19538430843, -0.285763332005, 0.822974174641, 1.74438088215, 0.942380108671, 0.0576198913295, 2, 337.538688289, 0.168869531042
0.535618318832, 0.795842793396, 0.150869199099, -0.46221978831, -1.1232204632, -0.726649764339, 0.987624973044, 0.0123750269558, 2, 20.0432032919, 5.98706694994
0.183481897488, 0.0663618792647, 0.00905716655131, -0.377664830869, -1.61829740141, -1.80871839343, 0.884452092383, 0.115547907617, 0, 71.6544273087, 0.0697793589007
0.0821706027593, 0.314648483746, -1.20557304071, 0.16696402137, 0.556688543638, -1.27610800939, 0.980621313409, 0.0193786865906, 2, 34.9186666804, 0.257741799891
0.168077203847, 0.129862375767, -0.910745598767, 0.491142328571, -0.650911511586, -0.904529574803, 0.842231644157, 0.157768355843, 0, 72.5104162175, 0.220657952811
0.127528367348, 0.224959685401, -0.626459430607, -0.227596799264, -0.557302949575, -1.13264441587, 0.779892087076, 0.220107912924, 0, 35.8284518551, 0.307018568497
0.492816707291, 0.904288201269, 0.208354880075, -0.0382742390419, -1.1770433943, -1.16309169632, 0.993190388742, 0.00680961125846, 2, 9.30944715875, 5.47830597567
0.267652519727, 0.117358095331, 0.246527662111, 1.12217960098, -1.29638851314, -0.0706728333209, 0.9580561264, 0.0419438736002, 0, 29.1896302362, 0.274069932893
0.0826287154988, 0.384510055858, 0.855396854498, 0.0621847341549, 0.414352996699, -1.18919602138, 0.956213653037, 0.0437863469632, 0, 53.2779716476, 0.412928632972
1.12888958928, 0.377423370855, 0.577768140002, 1.7393619221, -0.99535017964, 1.88490917629, 0.929447076516, 0.0705529234844, 2, 10.9408291088, 5.20984282207
0.180883797534, 0.131376803526, 1.02891693025, 0.353802647269, 0.342324485027, -1.30356711371, 0.705902834153, 0.294097165847, 2, 85.793916012, 0.291395953957
0.620831380315, 0.0347329851496, 0.0145076139653, 0.324868453453, -1.20391335397, -0.709976252784, 0.997208855464, 0.00279114453635, 2, 68.9692002714, 0.260986062317
0.371892033431, 0.0347147792262, 0.0649350425809, -0.737578006815, -1.21309205501, -0.47251236439, 0.993600556488, 0.00639944351223, 0, 84.6352466616, 0.129969491836
0.337493190626, 0.0248867483342, -0.0559112315697, 0.134627086325, -1.22003127734, -0.640043792754, 0.996321581475, 0.00367841852542, 2, 99.9491894971, 0.0900457526998
0.256070499985, 0.0515704671234, -0.0761908792626, 0.558947849683, -0.826005954575, 0.0404755313377, 0.963026076418, 0.0369739235821, 0, 41.8741077947, 0.143286635011
0.480451511732, 0.269537223558, 0.139668381906, -0.142111339014, -0.790827089018, -1.21294434555, 0.955800538668, 0.0441994613318, 0, 34.1119948578, 1.81754248787
0.67424248077, 0.146481002912, -0.189469290485, 1.15423677909, -1.2438332816, 0.862076974482, 0.991421822864, 0.00857817713552, 0, 14.7833155145, 1.21758884077
0.10282241472, 0.141130760805, 0.632860969645, -1.49515869172, -0.998587225213, 1.08671053942, 0.749539283185, 0.250460716815, 0, 57.774198647, 0.1384701162
1.03297604528, 0.0829111817159, 0.18920478444, -0.388098661645, -0.944024872197, 1.53871391637, 0.993630623725, 0.0063693762754, 2, 29.4128796852, 1.7679329789
0.393525179093, 0.0564057712116, -0.0869934117762, -0.39113605878, -1.07657880665, -0.1752770009, 0.979877301982, 0.0201226980178, 2, 48.8007016902, 0.266389612234
0.291870075295, 0.16372791506, -0.27870550332, -1.54302122399, -1.12540489919, 1.72244839451, 0.838392178505, 0.161607821495, 2, 22.7055695914, 0.616588804066
0.998554469245, 0.0762837620118, -0.1507189795, -2.05675712298, -1.15072450963, 4.15208426075, 0.997208772343, 0.00279122765712, 2, 27.6853329994, 1.22808708859
0.0999112332301, 0.153532550388, 0.314820732703, -0.397686646124, -1.18171459236, -1.09413845252, 0.912624201804, 0.0873757981965, 0, 44.450563584, 0.11248451306
0.0807471851533, 1.16797182545, -2.64100317558, 0.0483383835913, 9.29522453289, -1.15685499302, 0.997771530473, 0.00222846952699, 2, 31.0657491715, 2.02795688758
0.167686101233, 0.155450833126, -0.782620721464, -0.4336981984, -0.738106252605, -0.375186310234, 0.678244427571, 0.321755572429, 0, 49.7686726606, 0.28130145434
0.135473299829, 0.0870381310757, 0.203825485515, -1.18939404331, -1.13591242508, -0.0861824868986, 0.73192714117, 0.26807285883, 0, 50.8353593404, 0.0983567356437
0.141463923856, 0.0796540990166, -0.293302563767, 0.854386786472, -0.951489718533, -0.16655629296, 0.803827703733, 0.196172296267, 2, 56.7650358697, 0.105698867411
0.34115852318, 0.0964251765897, 0.1089243767, -0.885316830583, -1.31214525444, 0.19694824116, 0.928856735404, 0.0711432645958, 0, 90.3668816843, 0.420508036703
0.0758602634757, 0.185696289245, -0.726951641653, 0.654630067012, 0.374632120964, -0.193055928554, 0.868575718706, 0.131424281294, 0, 81.941008274, 0.231874129941
0.140947573992, 0.124680604872, -0.22760760579, 0.182868771723, -1.04919850477, -0.648915896128, 0.621407780938, 0.378592219062, 0, 31.1321902999, 0.160605468226
0.300867296537, 0.0789611975068, 0.141975079855, -1.00024672009, -1.06452845944, 0.246359867583, 0.942475384797, 0.0575246152033, 2, 44.9567324356, 0.2891669233
0.241228307875, 0.183892947026, -1.17736870248, -0.167703144796, 0.487251381868, -0.313493859073, 0.903943110148, 0.0960568898523, 0, 112.182017111, 0.632900012215
0.720613308947, 0.0622727983786, -0.0996757812725, -2.38599521637, -1.1384965905, 5.44948158973, 0.993869053528, 0.00613094647243, 0, 43.7362160309, 0.800252129158
0.163203312757, 0.164865362912, -0.43918354914, 0.757270804653, -1.58767174763, -0.849889220354, 0.812627115087, 0.187372884913, 0, 57.223705901, 0.22717857565
0.0986590531321, 0.0763600541441, -0.389939189003, -0.417286115676, -1.45650877717, -0.999540446901, 0.911095520062, 0.0889044799383, 2, 209.825300446, 0.0667221730185
0.138999957365, 0.134553285646, 0.432177364539, -0.534645407768, -1.48620551338, -1.2316548222, 0.675594105723, 0.324405894277, 0, 44.405936213, 0.135117070187
0.155700836559, 1.28462020703, 2.73931061542, 0.349622094626, 7.75823192692, -1.09202207845, 0.985898379969, 0.0141016200307, 2, 15.1927255106, 3.4226906794
0.253031642347, 0.0546314478825, 0.0776432262234, -1.09711937947, -1.33727638986, -0.228807978301, 0.957276017483, 0.042723982517, 0, 92.3680130358, 0.140741362434
0.631268772995, 0.0515623609383, 0.114311316812, -0.188745351445, -0.916363256917, -1.29923955011, 0.993378997181, 0.00662100281876, 2, 85.2331163172, 0.434103569114
1.33069103118, 0.0677519201988, 0.120711564319, 1.28338340328, -1.1977193152, 1.34823163717, 0.998060424089, 0.0019395759112, 2, 66.9361377019, 1.41926324496
0.813621089119, 0.145178282337, -0.169787590824, 1.27824779298, -1.21361806252, 1.58204100328, 0.99401648374, 0.00598351626, 0, 16.7268515608, 1.67395519104
0.270619575762, 0.0249919098654, -0.0605801748715, -0.829546648183, -1.28927363777, -0.651322752637, 0.994564477908, 0.00543552209152, 0, 114.199394228, 0.0612962971243
0.13875615188, 0.0822672988763, -0.317892774275, 0.0693439416703, -1.25931596408, -0.892411435205, 0.794175389021, 0.205824610979, 0, 54.6163878614, 0.0915476141097
0.498091377472, 0.0920872606885, -0.0395239340941, 0.547243779829, -1.07374098947, -0.110427929776, 0.967537263298, 0.0324627367024, 0, 32.5427759584, 0.645304507115
1.11402103161, 0.103653406229, 0.187633946774, -1.82242086163, -1.21746543437, 5.40915123503, 0.991448942036, 0.00855105796357, 0, 16.6805686266, 2.39799978618
0.0797432474645, 1.16760587681, -2.7216592455, 0.0473246825173, 9.88037221766, -1.1577899558, 0.997865749236, 0.00213425076407, 2, 31.0850947737, 2.02669480208
0.420708106188, 0.0842462932851, 0.0060490893776, -0.712303226426, -1.24958776006, -0.028714608718, 0.964623512195, 0.0353764878053, 2, 216.283332229, 0.480850738373
0.481150323403, 0.382775774662, -0.43698340514, -0.672369536716, -0.619498713763, -0.876741682275, 0.989372338944, 0.0106276610563, 2, 68.9279288123, 2.42282051525
0.537060106434, 0.253390929217, -0.0265309853831, -0.279921219102, -1.16446100766, -1.10645277514, 0.819516257762, 0.180483742238, 2, 16.2929250059, 1.41165567212
0.191082107674, 0.0904703689254, 0.0199867688276, 1.45554067836, -0.959985772945, 0.599179943893, 0.829855557563, 0.170144442437, 2, 37.7249634815, 0.159045879605
0.142678309929, 0.158855425416, 0.0700980594819, 0.409077754124, -0.00429607817297, -1.44209473747, 0.633202676529, 0.366797323471, 0, 34.0217682687, 0.205750622505
0.155407565778, 1.28359397116, 2.69702247687, 0.348894088514, 7.4429926395, -1.09194980538, 0.98597735217, 0.0140226478297, 2, 15.1306374943, 3.43673556514
0.212553517624, 0.395828334523, 0.501866752048, 0.169380321184, -0.518278197691, -0.882895372419, 0.939988066068, 0.060011933932, 0, 60.0866646614, 1.31476760185
0.890916880348, 0.377442179365, -0.474011916579, 1.37546406709, -1.14617652559, 0.849948894915, 0.940558968555, 0.0594410314448, 0, 9.13237421781, 4.05152035139
0.264073216589, 0.0271990760823, -0.0151604104902, -0.930896933763, -1.27120538564, -0.319976581634, 0.994486616881, 0.00551338311887, 0, 106.205452454, 0.0659099870888
0.0705700082334, 0.10771498987, 0.153840208035, 0.302361794776, -1.62302096739, -0.697643879234, 0.776009007664, 0.223990992336, 2, 242.321359342, 0.0866617786274
0.503647113343, 0.0947379183573, -0.296969473209, 0.273195499436, -0.939389534115, -0.58412909336, 0.983148604223, 0.0168513957771, 0, 55.6902913634, 0.628475792515
0.158302775189, 0.109690509937, 0.384110013207, -0.369762695713, -1.05610355516, -1.01996867151, 0.922195527841, 0.0778044721594, 0, 34.2967894395, 0.145786240687
0.728329709922, 0.0458531372202, 0.00815689179107, 1.32013667311, -1.17711054909, 4.46753446099, 0.997526329655, 0.00247367034518, 0, 45.1411942948, 0.642428727309
0.0555016917042, 0.236277359553, -0.0100304990351, -0.104392067057, -1.48126096863, -1.26848187683, 0.948486867797, 0.0515131322033, 0, 77.1537647503, 0.103689042601
0.0781454510499, 1.168427188, -2.62504720593, 0.0486597013879, 9.27800842942, -1.15610828517, 0.997934570886, 0.00206542911415, 2, 32.2960255623, 1.9507044258
0.43224941934, 0.32599815823, 0.0929326204609, 0.141191126666, -1.14417571452, -1.23625777487, 0.945849195968, 0.0541508040322, 2, 25.2060322912, 1.62659475821
0.508577801715, 0.104407778213, -0.0460951042953, -0.525806018973, -1.17958410786, 3.9739299285, 0.963533756064, 0.0364662439362, 2, 45.1322934168, 1.24079668371
0.20927244268, 0.0780169224899, -0.326398412174, -0.926219980042, -1.46511496902, 0.240747864186, 0.878057267856, 0.121942732144, 0, 41.7049304155, 0.143867881812
0.189758135575, 0.0390568171693, 0.0635458637425, -0.529009187337, -1.18637814, -0.517291987339, 0.972927585899, 0.0270724141007, 0, 86.1185766267, 0.0696713791034
0.0566468485291, 1.01879902363, 0.824352214096, 0.229792054219, -0.382939541862, -1.11664358778, 0.999115619685, 0.000884380314883, 2, 47.4946547412, 0.757980033673
0.471861396317, 0.168289959249, -0.334698470575, -0.413035730519, -0.914298919218, 0.241654213451, 0.887154004786, 0.112845995214, 0, 31.4574032943, 1.36692782929
0.129891502636, 0.193986782053, -0.189037995945, 0.482523218545, -1.65616304535, -0.407581185685, 0.722431129774, 0.277568870226, 2, 32.7560359834, 0.213701071874
0.891749911085, 0.33625497824, -0.437266999517, 1.34933742579, -1.15778413565, 0.739513959102, 0.954507630318, 0.0454923696822, 2, 10.5929667242, 3.39848136385
0.264394528119, 0.0280828924032, -0.0665175288422, -0.575590521526, -1.28349321775, -0.757863080502, 0.993859633019, 0.00614036698051, 0, 106.205452454, 0.0659099870888
0.140999883952, 0.414395086296, -2.07993591411, 0.269685151352, 3.93546981803, -1.19987019902, 0.93446272433, 0.0655372756696, 0, 23.9089198325, 0.794682492271
0.117004863442, 0.119746384958, -0.670924256334, 1.33407644871, -1.31826680743, 2.03093981874, 0.858562250349, 0.141437749651, 2, 126.043567526, 0.174542822231
1.26202492187, 0.0786637611099, -0.257727908134, -1.86846385844, -1.14248961541, 10.3670192416, 0.996509098367, 0.00349090163309, 2, 18.5444124197, 2.69622994077
0.70938231569, 0.119769943653, -0.163938754182, -0.710667491926, -1.10783911924, 1.39131048308, 0.974112492406, 0.0258875075942, 0, 18.1560103953, 1.54218902668
0.0808186161893, 1.16899290934, -2.5870722696, 0.0488031921856, 8.76936074334, -1.15648935569, 0.99774484578, 0.00225515421993, 2, 31.6430484027, 1.99095862062
0.120580309079, 0.156557326201, -0.486668733986, 0.288581972612, -1.34770509328, -1.51800841122, 0.627851424746, 0.372148575254, 0, 44.561518359, 0.134645322263
0.150707955158, 0.162417627228, 0.0900489214747, 0.388192929984, 0.274309109313, -1.41831419233, 0.608139407815, 0.391860592185, 0, 29.6646538144, 0.235971066569
0.15787020023, 1.24605202567, 2.73500300073, 0.34300911758, 7.51195821302, -1.10347141263, 0.984777985591, 0.0152220144089, 2, 15.5589753148, 3.27785082039
0.125820899497, 0.153951637981, 0.142311872751, -0.0859999225068, -1.39824948388, -1.55782627641, 0.705106281685, 0.294893718315, 0, 36.9967944978, 0.135146843608
0.0688425694999, 0.157543513605, 0.491127992447, 0.414640846227, -0.723781662926, -0.368024177963, 0.907177031265, 0.0928229687348, 2, 68.9160299132, 0.116083297457
0.425980170532, 0.899045297281, -0.0910399963614, 0.120291192051, -0.968833228985, -1.22185872488, 0.997289871766, 0.00271012823355, 2, 6.33654185162, 4.89225838413
0.34138441638, 0.421420282223, -1.31782263836, 0.654939891393, 0.430451950408, -0.954550637042, 0.823349527696, 0.176650472304, 2, 18.4902276219, 1.46023080689
0.202794274817, 0.475059714018, -1.11528668891, 0.415459843084, 0.871093255175, -0.998243641947, 0.899318706718, 0.100681293282, 2, 26.1415982918, 1.33886228414
0.0575018816624, 0.0997001568194, 0.299567294676, 0.313193297491, -1.03678401261, -1.17489283818, 0.865269363856, 0.134730636144, 2, 319.547746639, 0.0688473013232
0.402353165325, 0.434490265201, -0.755322768146, -0.961495524668, -0.875999539918, -0.0522151566393, 0.755817869724, 0.244182130276, 2, 11.4821281419, 2.26438859405
0.658394705538, 0.0723419804872, -0.107543810202, 0.326181566235, -1.2354258904, -1.03274094151, 0.993462716082, 0.00653728391821, 2, 33.4984930164, 0.507485515593
0.148509015007, 0.0570142195834, 0.575017333782, 0.870103679912, -0.470537080901, -0.842695737987, 0.889875671928, 0.110124328072, 0, 102.868432181, 0.0777692420343
0.162468387044, 0.111288098216, 0.393062894904, 1.95363201578, -1.27559406058, 2.65480882329, 0.753508101228, 0.246491898772, 0, 48.3970148886, 0.185961882581
1.63241435395, 0.106250632597, 0.149496771866, 0.0631294019964, -1.08116073686, 1.57342584933, 0.996252503584, 0.0037474964162, 2, 30.3746411811, 3.4897531585
0.00300887588617, 0.0602590721255, 7.43915722064, 7.97597377793, 55.4156424937, 65.0451838475, 0.999971551693, 2.84483067828e-05, 0, 7147.3216515, 0.0142710801295
0.0720030090657, 0.584672018202, -1.5430406987, 0.0452110480322, 3.1253510449, -1.16616488572, 0.985567742751, 0.0144322572492, 0, 82.6614819646, 0.737949508649
0.096342494742, 0.275028655945, -0.870637033475, -0.0929221807862, -0.531883283252, -1.15439791978, 0.891017376701, 0.108982623299, 2, 71.8968055768, 0.292085299639
0.0455210065039, 0.151075773125, 0.477244253325, -0.136711043844, -0.502366298877, -1.63589304966, 0.976650122874, 0.0233498771263, 0, 93.7440317265, 0.053336728834
0.119825542232, 0.137128462621, 0.631517691432, 0.182295225328, -0.440530889214, -1.22039903912, 0.772674366024, 0.227325633976, 0, 34.4692299693, 0.145056910307
0.215604067585, 0.064652711193, -0.0112877326291, -0.480198754145, -1.64152222138, -1.60482687001, 0.917538841573, 0.0824611584273, 0, 59.3132524112, 0.0842981930133
0.19619651633, 0.0676378504973, -0.06227236609, -0.595477580049, -1.50928014907, -1.33996048883, 0.896917846833, 0.103082153167, 0, 55.3459679445, 0.0903408176909
0.288514662373, 0.0580657218414, -0.0181416034957, -0.301186103906, -1.42251053759, -1.85703005343, 0.961076584731, 0.0389234152693, 0, 69.5423122847, 0.100658142791
0.191259899469, 0.090434242675, 1.10216683613, -0.513036039372, -0.117101511542, -1.07797072606, 0.824388271539, 0.175611728461, 2, 66.9449024973, 0.164314228413
0.321540522786, 0.114819006828, -0.312552349893, -0.971643740021, -1.13983095587, 0.135413012897, 0.916778262852, 0.0832217371481, 0, 26.1071878829, 0.42133990261
0.213906127488, 0.322294674255, -0.0810473530695, -0.254935786047, -1.17128681562, -1.27049663282, 0.993477094826, 0.00652290517407, 2, 14.9559098492, 0.668632005732
0.281783597463, 0.0787786391447, -0.0264755809221, 0.385634902011, -1.3744967696, -1.69176988946, 0.927988412939, 0.0720115870609, 0, 46.4623205663, 0.150659715543
0.269085079705, 0.911171114284, 0.736549049813, -0.128326737141, 0.629501140945, -1.20881350009, 0.988652340417, 0.0113476595833, 0, 13.2295842576, 4.00617275404
0.106213795797, 0.334107029438, 0.428116423693, -0.0778821268697, 0.833923369467, -1.23002419506, 0.912385715294, 0.0876142847062, 0, 31.1547924397, 0.481466857114
0.15520450597, 1.2850423915, 2.69712740815, 0.347909844099, 7.49008919378, -1.09369256786, 0.985999221683, 0.0140007783167, 2, 15.1306374943, 3.43673556514
0.116318539942, 0.645231744393, 0.994969781123, 0.11447459974, -0.168565943876, -1.24564889788, 0.969166135331, 0.0308338646689, 0, 26.6909967107, 0.824247975393
0.32416803896, 0.131273910019, -0.0969499915609, 0.469916455752, -1.30530595297, -0.727371915009, 0.920607094889, 0.0793929051106, 0, 25.2455730177, 0.435719957407
0.149394223198, 0.11410741194, -0.249153342034, 0.28024812751, -1.25261916861, -1.77122752407, 0.84697661045, 0.15302338955, 0, 46.2874851446, 0.108020558567
0.143250236528, 0.386374150464, 0.526946899409, 0.059968885568, 1.01691235562, -1.03174261306, 0.879387891697, 0.120612108303, 0, 41.287771703, 1.04147059108
0.405505182843, 0.18650633821, -0.263991973017, 0.0233349280964, -0.823535902422, -0.529905591519, 0.830716364806, 0.169283635194, 2, 23.5762125735, 1.1876377477
0.339527383331, 0.420874701542, -1.3144133753, 0.643645355421, 0.425238219549, -0.966533902238, 0.827081115998, 0.172918884002, 2, 18.5034858962, 1.45918450996
0.201647496067, 0.473963353599, -1.10378677469, 0.413359760509, 0.782612772461, -0.998403207366, 0.901725178728, 0.0982748212724, 2, 26.6916886923, 1.31126960169
0.202482811526, 0.00716522431009, -0.0322514802987, 0.721729352293, -1.06405764253, -0.849237395431, 0.999025671923, 0.000974328076524, 0, 466.455701329, 0.0128629577962
0.0930414853771, 0.0381686329134, -1.68554895425, 1.1149575448, 1.6729259812, 0.729534193021, 0.98918817521, 0.0108118247901, 0, 211.495475552, 0.0425541018147
0.659042672432, 0.0756518913381, -0.107211480975, 0.370526186545, -1.2389642717, -0.891605712707, 0.992536923012, 0.00746307698847, 2, 30.9380844723, 0.549484568615
0.392707533831, 0.119961644288, 0.099506792232, -0.158896751239, -0.526627103073, -0.325954975991, 0.971193011747, 0.0288069882533, 0, 104.768284012, 0.754044993149
0.150440275172, 0.0635008744315, 0.586400763209, 0.874942715691, -0.49239926167, -0.877265993425, 0.864545244754, 0.135454755246, 0, 93.5706797299, 0.0854968674278
0.135552632627, 0.117309862483, 1.22734349705, 1.32422325418, 0.165053840186, 0.410065464719, 0.725237947431, 0.274762052569, 2, 40.9230078047, 0.146616788987
0.369999174441, 0.163342456194, 0.330517138548, -0.0845181886451, -0.643644111405, -0.703521854359, 0.903375994333, 0.0966240056675, 0, 20.3063754841, 0.787929880078
0.373321312838, 0.117093860499, 0.0181155239909, -0.289183754402, -1.09020642917, 0.569989803992, 0.922575543562, 0.0774244564384, 0, 32.5905512036, 0.613674800252
0.200040954154, 0.0357149224042, 0.273990412902, -0.387519232323, -1.11663656826, -1.41218650133, 0.979452823354, 0.0205471766462, 0, 135.981766526, 0.05883141692
0.219913198561, 0.214139889029, 0.912174134482, -0.802736751061, -0.580781418613, -0.778391075486, 0.865288651984, 0.134711348016, 0, 24.648072403, 0.40571123926
0.078004390015, 1.16795587908, -2.43084867496, 0.0486422733337, 7.78718843876, -1.15747068214, 0.998029768986, 0.00197023101354, 2, 33.7486697603, 1.86674024332
0.048795425148, 0.143320486202, 0.425003982162, -0.0792728599995, -0.615306545332, -1.60487371193, 0.974274959321, 0.0257250406791, 0, 92.8604395378, 0.0538442422294
0.291849672493, 0.0696241019035, 0.0135241035862, -0.327992218441, -1.41299762461, -1.72133435231, 0.946196049847, 0.0538039501531, 0, 52.2558681041, 0.133956247479
0.200358455895, 0.062160684297, 0.0408254132921, -0.411422938572, -1.54883616218, -1.82110100353, 0.915743878477, 0.0842561215232, 0, 73.5089763454, 0.0680189039296
0.151066014093, 0.0906347852489, -0.303239796132, -0.416821345523, -0.977371463434, -1.08536948554, 0.856694015125, 0.143305984875, 0, 43.1407989562, 0.115899568876
0.282211404131, 0.078652144124, -0.0196352841988, 0.320606534245, -1.37958151096, -1.79956271393, 0.928563105935, 0.0714368940647, 0, 46.4876966274, 0.150577475501
0.151367766433, 0.20844050916, 0.85940087973, -0.22250826559, 0.105083429627, -1.40200029442, 0.913411583269, 0.0865884167309, 0, 26.8458594756, 0.297997536911
0.0681955965927, 0.192333419319, 0.198872188295, -0.066828027271, -0.803925332401, -1.15876506244, 0.975150327612, 0.0248496723877, 2, 47.9147040073, 0.1252225204
0.256865784543, 0.0676471409114, -0.0313802611579, 0.291432724552, -1.38534486052, -1.10987510064, 0.93664214718, 0.0633578528202, 2, 55.8106948671, 0.16125941491
0.0585288089471, 0.152856369007, 0.411015525496, 0.765968445218, -1.25996036184, -0.730063627606, 0.877013414134, 0.122986585866, 0, 70.077971835, 0.071349096857
0.116662406998, 0.167461160028, 0.392797650386, -0.0457142964639, -1.43655938348, -1.35482054223, 0.747520251476, 0.252479748524, 0, 41.8589837126, 0.143338405949
0.151065395603, 1.28379853128, 2.64201522032, 0.34886253996, 7.10949434547, -1.08857220227, 0.986753876483, 0.0132461235173, 2, 15.8327465255, 3.28433224874
0.396442106992, 0.214207481557, 0.158317958113, -0.0202230963349, -0.969219735966, -1.26032471812, 0.964072914272, 0.0359270857284, 2, 28.8426784922, 1.00545446942
0.12142745561, 0.296144474753, 0.505979049555, 0.239211582126, -1.12186064059, -1.13995815591, 0.891451382392, 0.108548617608, 0, 26.1690003074, 0.305705220146
0.0675806199653, 0.154952662896, -0.357627440049, 0.409251541202, -1.28259536922, -0.3485448933, 0.856096086924, 0.143903913076, 2, 78.0869887424, 0.102449846368
0.339055860445, 0.420357818509, -1.32440795096, 0.637105692542, 0.47662039033, -0.976181457426, 0.830367207901, 0.169632792099, 2, 18.2065052532, 1.48298641747
0.430828576768, 0.489172343733, -1.48642434817, 0.587798249225, 1.14024275963, -0.899774684269, 0.808987808758, 0.191012191242, 2, 16.0150544024, 2.5600912098
0.0678474539446, 0.135893898241, -0.282031325927, -0.0554197587484, -0.761844753669, -1.31547373592, 0.841849082383, 0.158150917617, 0, 63.0129632177, 0.0793487521406
0.0332788248849, 0.0876836694854, -0.321057020374, 2.16573867782, -1.08878898558, 3.27366843993, 0.889328999102, 0.110671000898, 0, 271.116276626, 0.0331960888222
0.277299579027, 0.187056969379, -0.151335909267, -0.0577105670466, -0.772802813064, -1.36841658744, 0.87834482007, 0.12165517993, 0, 51.467938933, 0.563457573806
0.368479258073, 1.07323376283, -0.188810445881, -0.349664682256, -0.596884736653, -1.02378054147, 0.995279900913, 0.00472009908685, 2, 6.84275210228, 5.55332115383
0.148918642663, 0.0601401030268, 0.590995676955, 0.835999634813, -0.45136382115, -0.874644304528, 0.872816540023, 0.127183459977, 0, 94.3222532946, 0.0848156158337
0.16170983499, 0.117460454753, 0.43303274522, 1.91181267974, -1.20226480177, 2.57194683263, 0.727946148541, 0.272053851459, 0, 44.9168275904, 0.200370339644
2.23787020516, 0.106900475915, 0.268045073929, 0.175525640582, -1.03399785719, 1.56651852521, 0.998147188827, 0.00185281117263, 2, 26.2001083134, 5.07631489187
0.218174910579, 0.21615416643, 0.887265865059, -0.840302544518, -0.624559588543, -0.631213923824, 0.862962360394, 0.137037639606, 0, 23.438174247, 0.426654392728
0.088986039603, 0.407822621096, 0.47647045306, 0.196129021863, -0.170026894305, -0.920162526835, 0.960368444419, 0.0396315555809, 0, 66.6236097022, 0.510329598651
0.0726857427936, 1.13946369422, -2.56974814257, -0.081484532552, 7.60790076529, -1.15770311332, 0.997533617905, 0.00246638209493, 0, 37.8873777421, 1.53085284484
0.430911230332, 0.197547760452, 0.255530740382, -0.0748900588404, -1.15302469533, -1.18370889587, 0.972630259274, 0.0273697407256, 0, 110.848373567, 1.0645171977
0.477130485457, 0.227992714064, 0.199430527987, -1.17723502258, -1.32463478997, 0.886565594717, 0.931241585324, 0.0687584146764, 0, 19.3443787538, 1.447448913
0.0504544482849, 0.139415057084, 0.377546532276, -0.064885532739, -0.674473688554, -1.60027102251, 0.973602638628, 0.0263973613721, 0, 92.5093608725, 0.0540485844118
0.150824820974, 0.0929489386474, -0.190507794576, -0.193339739152, -1.51186179009, -0.773463208537, 0.831282786011, 0.168717213989, 0, 44.5996341345, 0.112108542974
0.201870221963, 0.0747096832965, -0.215071555572, 0.228305998753, -0.657876846006, -1.2691656128, 0.959721189395, 0.0402788106046, 0, 42.2979934599, 0.141850700452
0.206660859679, 0.0744320998955, -0.0396366914513, -0.396584289128, -1.60247586304, -1.7941388166, 0.885785675221, 0.114214324779, 0, 57.2708178587, 0.087304497944
0.292589334021, 0.0756986769342, 0.0683538065243, -0.458473185083, -1.43987183188, -1.49199850102, 0.938082512058, 0.0619174879417, 2, 45.4756737316, 0.153928450655
0.20167477632, 0.107822624331, -0.0360687812672, 0.270494805832, -1.49504877888, -1.62559391544, 0.789141775531, 0.210858224469, 0, 33.2290235408, 0.150470867549
0.368498630909, 0.0689280449049, -0.00933125348151, 0.342692702568, -1.30139159217, -1.67115134544, 0.966633279074, 0.0333667209263, 0, 49.7909525045, 0.180755730656
0.449927023449, 0.0593211006908, -0.00405545000188, 0.259261049629, -1.2792977048, -1.37487647891, 0.985491559841, 0.0145084401589, 2, 46.7665971098, 0.235210613553
0.104974920158, 0.965611123397, 1.14908674024, 0.343067773995, 1.77197639993, -1.02795993224, 0.989350799618, 0.0106492003822, 0, 43.9828694189, 1.63700097223
0.086299986241, 0.165418366023, -0.216771431604, 0.065082096648, -0.819329553029, -0.520262448972, 0.889060170308, 0.110939829692, 0, 36.5721898983, 0.136715903912
0.22660752873, 0.0843684946726, 0.241032305803, 0.195609350822, -1.15272879283, -0.883851057817, 0.994577658154, 0.0054223418456, 0, 141.101536464, 0.248048326596
0.0557390389986, 0.138654046159, -0.0279293916638, 1.5980756761, -1.32703225528, 1.0963227663, 0.861806871236, 0.138193128764, 0, 168.302209774, 0.0772420042344
0.0591383236792, 0.237232886067, 0.711482731803, 0.446415927307, -0.733109907085, -0.989065597497, 0.995771412484, 0.00422858751629, 0, 68.0530985837, 0.132249672496
0.0656096536436, 0.165359760102, 1.20844675216, 0.11245948371, 0.855249845798, -1.58760627888, 0.875882310886, 0.124117689114, 0, 191.337237588, 0.125432980545
0.13053742103, 0.16556688796, 0.0420243862111, -0.230374289399, -1.51544364493, -1.52614133261, 0.741564975644, 0.258435024356, 0, 34.7030992025, 0.144079350689
0.0325977996395, 0.11562007797, 0.266842936983, -0.382112667244, -1.62543376178, -0.699180518334, 0.962937667103, 0.0370623328971, 0, 168.434422708, 0.0296851434499
0.149234989464, 0.0661549099012, -0.285589378914, -0.101360286779, -1.23779838975, -0.811756871501, 0.900437909467, 0.0995620905332, 0, 66.9235344685, 0.0896545594558
0.110700642078, 0.122356577839, 0.0454072320438, 0.141808825071, -1.70843456297, -1.14781588622, 0.939937677512, 0.0600623224882, 0, 52.2066356013, 0.0957732660305
0.274077424242, 0.131024926597, 0.0892744850546, -0.548176540374, -1.28213158251, -0.582775136062, 0.950722871138, 0.0492771288619, 0, 21.2101649486, 0.330030436678
0.486545757468, 0.256361007291, 0.0216349893557, -0.0564537266892, -1.25233667523, -1.24184267532, 0.995892373819, 0.00410762618136, 2, 11.0162194843, 1.18007815826
0.482299562802, 0.254371320968, 0.000903651642986, 0.0125607216476, -1.25597362369, -1.23558588646, 0.996644260691, 0.00335573930905, 2, 11.0902285179, 1.1722030776
0.326400435667, 0.177115071578, 0.0166123044069, -0.00160253285681, -1.32226230135, -1.28303400429, 0.994888793065, 0.00511120693475, 0, 18.7153096057, 0.480889720214
0.167347758916, 0.125486744995, 0.555685474082, 0.0626623398298, -0.942023778402, -1.67801162002, 0.895323104316, 0.104676895684, 0, 35.6590387186, 0.140216903755
0.342370078811, 0.419910523146, -1.30738512171, 0.648822333607, 0.410804855946, -0.964900859862, 0.825412053832, 0.174587946168, 2, 18.2984166591, 1.47553750158
0.43172870392, 0.489909346356, -1.47427993955, 0.589897645371, 1.10244254773, -0.89933576945, 0.807375965423, 0.192624034577, 2, 15.9777011682, 2.56607628147
0.0676952556544, 0.133326038341, -0.370522550549, -0.0825091652206, -0.980429281927, -1.34804032148, 0.882746634199, 0.117253365801, 0, 67.8922091167, 0.0736461527037
0.267475361606, 0.187468186201, -0.253227456265, 0.00884424633115, -0.605865894752, -1.37885793102, 0.868047424556, 0.131952575444, 0, 52.0816878572, 0.53761698501
0.149596717105, 0.141005503776, -0.213443605722, 0.071620566632, -1.52699845176, -1.13932808063, 0.840105775269, 0.159894224731, 0, 30.4187955955, 0.164372056885
0.146083588988, 0.141356928979, -0.0309271601739, -0.299614415524, -1.02704996303, -1.10370906076, 0.819813756939, 0.180186243061, 0, 28.0989137479, 0.177942821735
0.178492269583, 0.162858845145, 0.107023680001, -0.171146542488, -1.24835356291, -1.29079002481, 0.961362750885, 0.0386372491155, 0, 28.2081261635, 0.24815544143
0.148104008006, 0.0587511843474, 0.549860539311, 0.894593013068, -0.515207763754, -0.738805438674, 0.891710472376, 0.108289527624, 0, 97.2952698818, 0.0822239355492
0.161962819732, 0.118407620426, 0.445043142297, 1.83818427346, -1.19641451818, 2.43172888529, 0.7220582932, 0.2779417068, 0, 43.9300927633, 0.204870953687
2.23635186245, 0.106433161793, 0.268733687281, 0.0737725118817, -1.03294553011, 1.36514948824, 0.998164658393, 0.00183534160691, 2, 27.4211666961, 4.850267732
0.216326371933, 0.217395508142, 0.936531425476, -0.766466761823, -0.539209831449, -0.852915532896, 0.865035915529, 0.134964084471, 0, 24.6602816423, 0.405510372713
0.463658119785, 0.201705923661, -0.484252410305, -0.465437367511, -0.88435462951, -1.23744555137, 0.965916695661, 0.0340833043392, 2, 37.3868172862, 0.98965364494
2.97744919456, 2.51853683417, -0.231405260327, -0.0963657751441, -0.728143889804, -1.26278691198, 0.989039223651, 0.010960776349, 2, 3.39700124044, 107.447708778
0.045878330957, 0.149673688015, 0.563472386063, -0.120533157884, -0.530509785527, -1.58136799912, 0.976210262659, 0.0237897373412, 0, 94.2367853848, 0.0530578370175
0.213708094475, 0.0684278008256, -0.0102744180394, -0.420572585941, -1.63543676734, -1.75382429232, 0.907014653035, 0.0929853469646, 0, 60.1066680628, 0.0831854461601
0.200316301029, 0.0759739338331, -0.0133090343381, -0.416302770807, -1.60487414792, -1.77422598694, 0.874912596727, 0.125087403273, 0, 55.6849536868, 0.0897908621442
0.290065781065, 0.0741367158095, 0.0518752301308, -0.394251170793, -1.42605316402, -1.68699012071, 0.938948685206, 0.0610513147944, 2, 51.1247207861, 0.136920063178
0.139897598174, 0.123945996873, 0.240292113806, -0.130343231656, -1.56683852264, -1.66339617582, 0.966140083069, 0.033859916931, 0, 43.7686676157, 0.1142369707
0.0395506786536, 0.218745950584, -0.575164306655, -0.0126958253442, 0.708149464728, -1.41355835414, 0.970606513801, 0.0293934861986, 0, 161.981349412, 0.117297454732
0.0543513300302, 0.161967109937, -0.301978221633, -0.156443185001, -0.85807674263, -1.59850889062, 0.901481318149, 0.098518681851, 0, 76.1384052937, 0.0656698808008
0.909126155309, 0.738694051777, 0.0726239421214, 0.276424125161, -1.17512458415, -0.940955068878, 0.988370038589, 0.0116299614106, 2, 5.75328403796, 8.34306105579
0.141140749408, 0.229947425295, 0.274974222569, 0.101432382969, -1.6101658798, -0.890167409557, 0.850006125683, 0.149993874317, 0, 23.35666993, 0.25688593528
0.136680491467, 0.50236879308, -0.504175759044, 0.0965117624391, -0.644387653916, -1.38146009004, 0.939524858405, 0.0604751415948, 2, 24.8417738207, 0.764840712953
0.337231363223, 0.421538092267, -1.31181323984, 0.647089909058, 0.391867442793, -0.954374829334, 0.827262356373, 0.172737643627, 0, 18.6488374874, 1.44781142622
0.432643260924, 0.490144623131, -1.48454296214, 0.600484577304, 1.1418796058, -0.865911907889, 0.804821952347, 0.195178047653, 2, 15.627114998, 2.62364486376
0.304169538477, 0.181746065436, -0.224555029596, -0.0771069874474, -0.649622009747, -1.27873187181, 0.852077282156, 0.147922717844, 0, 42.3685738015, 0.684469582003
0.845320395709, 0.450690175997, 0.0376349857778, -0.482817037819, -1.29152735472, -1.14746548286, 0.967652699143, 0.0323473008568, 0, 8.12385869593, 3.81592063086
0.206347835288, 0.4274977212, -0.551214870445, -0.421018177579, -0.710378018178, -1.08107928835, 0.869050235635, 0.130949764365, 0, 23.2428362117, 0.989552212585
0.19439741581, 0.0701410180719, 0.73320930331, 0.263449986861, -0.170109805285, -1.67610016263, 0.921827271734, 0.0781727282662, 0, 79.3714439435, 0.125989896406
0.161553284034, 0.116570454633, 0.428662717509, 1.90179508643, -1.22491967841, 2.51728342429, 0.732234471503, 0.267765528497, 0, 46.3321099996, 0.19424973307
0.892042689396, 0.107345760994, -0.0345633194988, -0.130079181941, -1.10245835949, 2.37481232594, 0.985812230823, 0.0141877691773, 0, 31.4072556065, 1.91038659193
0.466842592299, 0.0774586843738, 0.203335122026, -0.406425465167, -1.23177170507, -0.767520795693, 0.987577091384, 0.0124229086163, 0, 132.865262496, 0.444058882598
0.169549642032, 0.0626000704328, 0.836012052284, -0.868897968909, -0.353552502817, -1.07695033343, 0.892170346244, 0.107829653756, 0, 80.80488911, 0.0866284215856
0.274760575608, 0.211816125747, 0.809166205266, -0.941507761537, -0.789225065858, -0.532927144788, 0.867510545, 0.132489455, 2, 21.5199375771, 0.511153899056
0.285467789341, 0.179436987569, -0.318502486004, -0.279583736276, -1.33010695167, -0.880473428184, 0.961914833911, 0.0380851660891, 2, 20.6409114443, 0.484474730052
0.0512404450611, 0.138433437367, 0.0627909326122, 0.0545051393715, -0.694954123577, -1.68408071876, 0.970107421247, 0.029892578753, 0, 92.5199916971, 0.0540423740673
0.165564056807, 0.088284228876, -0.517780590378, -0.170759012889, -0.912001169444, -1.59353781765, 0.902185249003, 0.0978147509973, 0, 46.1149881353, 0.108424618593
0.205446380524, 0.113164209261, -0.0151516988752, 0.412669195488, -1.49386953018, -1.79530196531, 0.767521868999, 0.232478131001, 0, 36.0899493424, 0.138542727022
0.368665445096, 0.0706171845941, -0.00963090729996, 0.275597709342, -1.30687680478, -1.73218471683, 0.964974578289, 0.0350254217107, 2, 45.3476488068, 0.198466739441
0.45000259755, 0.0605535360662, -0.000201211087019, 0.256224469747, -1.27665649813, -1.29764325566, 0.984622949034, 0.0153770509662, 2, 44.1937706062, 0.248903857922
0.416231587747, 0.94551972086, 0.0146703082036, -0.112959768253, -0.818790884519, -1.1268607699, 0.994238553345, 0.00576144665502, 0, 17.4750182141, 6.29470016297
0.173440757965, 0.470184693037, 1.68550084791, 0.242704843304, 1.84849754938, -1.2319970517, 0.924745289833, 0.0752547101667, 0, 26.2037498998, 0.992224399157
1.13460273921, 0.116107957161, 0.184073878615, 2.60549657327, -1.16135625036, 7.66126879829, 0.989694837206, 0.0103051627938, 2, 21.9867416986, 2.50150753368
1.51568066912, 0.304411123978, -0.0477825761154, 2.20305566733, -1.38216012186, 4.5674370815, 0.962705263044, 0.0372947369558, 2, 16.2797809451, 6.75684767327
1.11273877069, 0.316185755599, 0.0574115968085, 2.84475009013, -1.2884522208, 7.79448218936, 0.951628743851, 0.0483712561486, 2, 18.7756098425, 5.64562221355
0.186163752448, 0.565262253524, 0.840534703761, -0.0396865230506, 0.736088395041, -0.882406738595, 0.956049059968, 0.0439509400325, 0, 78.0402082125, 2.01178345876
0.407792670545, 0.208402322156, 0.189255695442, -0.608377262131, -0.795457392922, -0.834368182974, 0.947841427819, 0.0521585721809, 0, 70.9441034828, 1.2263175617
0.419764233551, 0.103930976176, 0.127078323207, -0.0457978184782, -1.3037122989, -0.596342968117, 0.965085054262, 0.0349149457376, 2, 53.7794064623, 0.539239867222
0.286894249147, 0.09785381336, -0.237455402252, 1.01597971122, -0.524656149678, 0.383369956133, 0.899133522993, 0.100866477007, 0, 35.8074779081, 0.363052657139
0.169449792796, 0.121373495521, -0.290738055954, 0.899567035937, -1.17506734132, 0.673556875696, 0.680782464082, 0.319217535918, 0, 35.9103486157, 0.22277700742
0.112925133242, 0.260424866113, -0.598026085209, -0.532274128291, -0.477935173478, -0.883433471732, 0.881511714831, 0.118488285169, 0, 33.0063271632, 0.302972213496
0.316430219488, 0.0854944605239, 0.0624841394748, -0.0471520719578, -1.19989496714, 0.541881953068, 0.932008051913, 0.0679919480872, 0, 36.1620400214, 0.387146300146
0.226679210557, 0.0825301093333, 0.211393579173, -0.256057722752, -1.08039414332, 0.0515551666778, 0.891751060104, 0.108248939896, 0, 36.4502502545, 0.219477231134
0.256721682555, 0.0807779906506, 0.0505091970636, -0.037518004509, -0.338748733634, -1.0813909929, 0.920242243987, 0.0797577560126, 0, 52.9595446043, 0.264352726305
1.32162869764, 0.29998209541, -0.237063640978, -2.41267672144, -1.22187262554, 5.27191433141, 0.962963452707, 0.0370365472929, 2, 11.080669759, 5.77582415072
0.460034537718, 0.109226473855, -0.0291944951076, -0.183847397379, -1.12361570141, -1.5150140903, 0.961628075429, 0.0383719245713, 0, 87.568193397, 0.582403245078
0.466076385218, 0.0214294021876, 0.0387707529774, -1.82376837027, -1.1376738722, 3.74474236145, 0.999265816955, 0.000734183045095, 0, 140.875147242, 0.156166651327
0.311375468267, 0.0383873733458, 0.130515232455, -0.950887361897, -1.22477519886, -0.563854963248, 0.994665405119, 0.00533459488075, 0, 85.7381711946, 0.104970748438
0.318168837615, 0.0202603199634, 0.074931612427, -1.42888006056, -1.22917007595, 1.42265630098, 0.998508675394, 0.00149132460639, 0, 128.538792554, 0.0700177730097
0.101125003279, 0.559933109587, -2.04297622788, 0.0870429490233, 3.95020960016, -1.22215774693, 0.988741867526, 0.0112581324741, 0, 34.6873202197, 0.836040369113
0.0454745520295, 0.174798577309, 0.0568182721649, -0.0109147192225, -1.54717076189, -1.2615691785, 0.939474412586, 0.060525587414, 0, 96.6856602402, 0.0620567722772
0.0691639488767, 0.151273926913, 0.536675299168, -0.649861236637, -0.944468865968, -0.700626619474, 0.827276920176, 0.172723079824, 2, 56.2073854147, 0.088956281512
0.0781365415872, 0.088751794782, -0.133610707264, 0.0215670643418, -1.22918107406, -1.51604531398, 0.917956220131, 0.0820437798694, 0, 98.4198713309, 0.0508027487985
0.103098282023, 0.0717986754216, -0.0776390023862, -0.173077576207, -1.1225038122, -1.73752585391, 0.973385354447, 0.0266146455528, 0, 109.471594911, 0.0548087383293
0.119107047481, 0.146967622797, -1.2736267739, -0.233284729251, -0.0406483508094, -1.07264123829, 0.605748653891, 0.394251346109, 0, 34.891792157, 0.143300177231
0.114507419141, 0.296925436072, 0.510451712288, -0.161074180088, -0.332803883687, -0.949872014842, 0.934772692433, 0.0652273075667, 0, 29.8466933096, 0.435559137663
0.133107172448, 0.159404747139, 1.0689696919, 0.0539439442626, -0.264201810191, -1.14288599167, 0.595321389244, 0.404678610756, 0, 28.0904913964, 0.177996174202
0.243327306331, 0.0163384804152, -0.0382447011184, -1.01903214734, -1.24507079013, -0.522363081895, 0.998368589869, 0.00163141013095, 0, 226.305893504, 0.0353503829535
0.237509697687, 0.0803540626536, 0.131970367476, -1.21617362691, -1.03610535104, 0.483633614222, 0.897620456595, 0.102379543405, 2, 50.9689395102, 0.215817713802
0.455057800087, 0.0265776556856, 0.272600726428, 1.70188109305, -0.900863875074, 1.997267647, 0.997262734018, 0.00273726598249, 2, 109.069175575, 0.155864385243
0.147150056337, 0.151418097722, 0.428881641785, -0.232074249163, -0.552376998978, -1.26161426877, 0.713163336618, 0.286836663382, 2, 29.8842407391, 0.200774717765
0.135533648358, 0.145263969847, 0.755433136409, 0.160270012481, -0.278766665064, -1.63314667631, 0.76139707199, 0.23860292801, 2, 36.7904474702, 0.163085812013
0.098954196513, 0.0714058033287, 0.365167010653, -0.763924812065, -0.0871816251304, -0.630400031293, 0.705710966043, 0.294289033957, 0, 110.546366228, 0.0814138022538
0.142750006084, 0.136294374957, 0.5491979723, 0.605340500942, -0.919462825743, -1.29447083637, 0.526541056705, 0.473458943295, 0, 36.0290687139, 0.138776831555
0.186978511824, 0.332541005332, 1.08897762226, 0.655432180326, -0.278377413116, -0.875579036142, 0.896925115243, 0.103074884757, 0, 25.8659442262, 0.618573977431
0.958361369936, 0.0945119133449, 0.105902288456, 1.08090667571, -1.26528773708, 1.72645119693, 0.99211585138, 0.00788414861987, 2, 21.1475339289, 1.27674461196
0.422299695264, 0.0467395606423, 0.0112130944449, -0.431521061495, -1.2475354575, -1.13855819158, 0.988515469795, 0.0114845302048, 2, 60.228386599, 0.182638131638
0.0854879570293, 0.110739837571, 0.497490863909, 0.318493026262, -0.746746912119, -1.22576822931, 0.70697653535, 0.29302346465, 0, 94.7557208923, 0.0949810725437
0.280885387647, 0.0511494638004, -0.0383023664647, 0.563914125282, -1.41394775553, -0.0191269728248, 0.978544986749, 0.0214550132508, 2, 50.8767256948, 0.137587470585
0.0771490577284, 0.0881244275819, 0.865663202639, -0.516105585535, -0.446245183656, -1.31351287376, 0.592252053974, 0.407747946026, 0, 94.0460227897, 0.0531654593324
0.640776018924, 0.239615144002, -0.527680418046, -1.51782046313, -1.03704928061, 1.21989291912, 0.936925497606, 0.0630745023943, 0, 13.7407999491, 1.74662320163
0.96846302695, 0.141068763739, -0.0641924295642, -1.92012101235, -1.13797721969, 3.97426139607, 0.982956949912, 0.0170430500883, 2, 20.5290937108, 2.43556781923
0.769040075524, 0.0546649527967, -0.0692721048924, -1.08465144459, -1.17805924668, 1.39773787322, 0.995375936893, 0.00462406310693, 2, 51.5517482, 0.640133480478
0.457666270653, 0.0874667969647, -0.0386735008029, -0.52280401482, -1.12401120545, 2.43478443353, 0.970597233911, 0.029402766089, 0, 80.4791532967, 0.832513728779
1.16732354587, 0.0965973309926, 0.181743642855, -3.4288418204, -1.13463068986, 13.2587411822, 0.993686159234, 0.00631384076604, 0, 23.1474049723, 2.28967351042
0.104338562694, 0.559103150973, -2.1707820117, 0.0843074381334, 4.85533530739, -1.22330114612, 0.987897321088, 0.0121026789116, 0, 32.1372480695, 0.902379691542
1.15212025062, 0.0840375864303, -0.132770257212, -1.9094514397, -1.23471160952, 8.6226529072, 0.995014201487, 0.0049857985131, 2, 18.2181230906, 2.25050625666
0.0920208291288, 0.129754468599, 0.0523226924781, 0.336858223713, -1.30923462623, -1.02717798591, 0.786248320408, 0.213751679592, 2, 51.4695681864, 0.0971447823671
0.140078239582, 0.0974505729406, -0.651325831576, -0.626412455445, -0.836996624422, -0.762830540499, 0.941760415124, 0.0582395848755, 0, 45.0012347088, 0.111108062531
0.106879530578, 0.137437050769, -0.154567281105, -0.212116534038, -1.13099217688, -1.31291672365, 0.663649561469, 0.336350438531, 2, 41.643239344, 0.120067508646
0.3111211563, 0.694613091499, 1.50970257026, 0.595948693856, 1.01596770109, -1.03042816559, 0.9029000696, 0.0970999303996, 2, 12.2730188217, 2.36290683012
0.148006018697, 0.0914829680272, 0.970292237008, 0.0592211494376, -0.290648108822, -0.661036781222, 0.80249604951, 0.19750395049, 0, 39.891171485, 0.125341016919
0.895591099016, 0.963605972685, 0.431997330416, -0.490346972827, -0.74295883448, -0.9110506298, 0.58830374013, 0.41169625987, 0, 8.06747685105, 11.7756768013
0.152058584785, 0.0991506060222, 0.038818824623, 0.387631494718, -0.927695590064, -1.52144182226, 0.777152465485, 0.222847534515, 0, 49.4552542963, 0.121321790483
0.176930250132, 0.190584094999, -0.5904365457, 0.432930799678, -0.671473339012, -1.20671915253, 0.948192306014, 0.0518076939862, 0, 25.5283206243, 0.313377449216
0.137011684733, 0.101813565191, -0.295430874302, 0.299254026171, -0.809453057205, -1.78944416105, 0.902077238034, 0.0979227619659, 0, 52.9837100528, 0.0943686275465
0.525392138049, 0.138877116426, -0.287882849403, -0.357953326923, -0.954963027861, 1.47521068886, 0.935696966963, 0.0643030330367, 2, 29.2592075439, 1.26455919712
0.14427705388, 0.574625128138, -2.35936711345, 0.109752909555, 5.11954570914, -1.22814552733, 0.973046354223, 0.0269536457769, 0, 24.7865106222, 1.21033575308
0.130425055462, 0.0964076077217, 0.109286914769, -0.275594718845, -1.32348355016, -0.780626478247, 0.710234505869, 0.289765494131, 2, 47.068859373, 0.106227345778
0.446149653495, 0.0936415737656, -0.0413361567493, 0.311674107471, -1.1843640812, -0.313735559997, 0.967426292959, 0.0325737070407, 0, 44.3966655763, 0.563105352068
0.311533481381, 0.694696119922, 1.4959024728, 0.596261375053, 0.989093789278, -1.03615868606, 0.902635291859, 0.0973647081407, 2, 12.1479037752, 2.38724314389
0.0732644604783, 0.0696533235889, 0.450921423176, 0.327799831197, -1.05139695504, -1.56323262661, 0.527032080851, 0.472967919149, 0, 136.396094341, 0.036657941154
0.197600706851, 0.339225194243, -1.05918571025, 0.358548519315, 0.340861300965, -0.546558165371, 0.761744875253, 0.238255124747, 2, 40.8073351737, 1.1027429213
0.182425804116, 0.370366391352, -0.890279321891, 0.476896411342, 0.54923208197, -0.976267049647, 0.908765774739, 0.0912342252608, 0, 18.9663742321, 0.896323134403
0.130764755734, 0.0926587101961, -0.555005777568, 0.650458275733, -0.718841588692, -1.4625499613, 0.867930816876, 0.132069183124, 0, 64.0469331242, 0.0936813006857
0.139326098279, 0.212180619803, 1.10494377407, 0.00604243338813, 0.930059883429, -0.814941544273, 0.885087039648, 0.114912960352, 0, 44.9647871172, 0.467032123276
0.142621241803, 0.574806783966, -2.58022265439, 0.105650736392, 6.74355244346, -1.22727271031, 0.973162242552, 0.0268377574479, 2, 23.7659960631, 1.26230770721
0.0858790684587, 0.186295848944, -0.172561569062, -0.0979100795042, -0.986911969457, -1.60552090085, 0.826643532254, 0.173356467746, 0, 41.0175564677, 0.121899021555
0.14187398084, 0.114407539916, -0.618244429076, 1.59940333212, -0.825916530104, 0.907429834392, 0.620889861548, 0.379110138452, 0, 40.2338864269, 0.14912802448
0.310511054683, 0.693394468336, 1.50817706102, 0.591563393743, 1.03641437821, -1.03569777671, 0.904458385533, 0.095541614467, 2, 12.1112528611, 2.39446738768
1.39000755232, 0.404866648103, 0.0500458238718, 1.56995763083, -1.46573217091, 1.28146549681, 0.921883758283, 0.078116241717, 2, 15.845501129, 6.05850198226
0.432301468368, 0.156378557744, 0.0117969851938, -0.223146856891, -0.510282036873, -0.9037612152, 0.89186877949, 0.10813122051, 0, 27.3092757262, 0.878822281507
0.162598193342, 0.185209279678, 0.353375730708, -0.0482168184939, -1.11301141721, -0.751162810299, 0.862917454477, 0.137082545523, 0, 31.1449172963, 0.288971709714
0.184339489607, 0.327810991281, -0.952047073055, 0.417317508463, 0.420188770439, -1.0840853642, 0.931427796287, 0.068572203713, 0, 21.404446487, 0.747508234315
0.219839500552, 0.102892452983, -0.584246356186, 0.73614621649, -0.947145289186, -1.04525154315, 0.933040609724, 0.0669593902755, 0, 42.4604716141, 0.188410530922
0.321733264671, 0.125458603477, -0.0569779903152, 0.983050134367, -0.851134584698, 1.1079847409, 0.884254856376, 0.115745143624, 0, 46.2791914717, 0.626631517919
0.630210866293, 0.67291153651, -0.467635575088, -0.656999145091, -1.24608280842, -0.652983718681, 0.803207618657, 0.196792381343, 2, 9.97208329633, 4.91371747948
0.199925145748, 0.123134771579, 1.16741131869, -0.0267552725847, -0.13891575862, -1.3618207696, 0.833557886377, 0.166442113623, 0, 29.5835056227, 0.202815720237
0.121105517743, 0.20908702118, 0.518362142994, -0.689105162051, -0.897703487048, -1.05338699732, 0.932426556687, 0.0675734433125, 0, 45.4499584304, 0.220022203438
1.1498445483, 0.0668491416542, 0.155265935072, -2.15202045689, -1.10988105028, 6.53891211088, 0.996766389716, 0.00323361028423, 0, 26.5036670283, 1.39603323421
0.14143858673, 0.574309846595, -2.409275366, 0.107838014279, 5.65900344582, -1.22527171605, 0.974504064781, 0.0254959352186, 2, 24.4771527556, 1.2256327482
0.122870276677, 0.206761039623, -0.521741903226, 0.0572366969467, -0.140344288144, -1.1005057108, 0.745763040907, 0.254236959093, 0, 44.6631472306, 0.335847358059
0.152350822855, 0.0636224908742, -0.272246014484, -0.222304872803, -1.27482205485, -0.509657876796, 0.854519512346, 0.145480487654, 0, 58.2230779516, 0.0858766004119
0.310977989311, 0.695130210289, 1.50225598816, 0.594286568263, 0.993933797742, -1.03666230156, 0.903214109746, 0.0967858902538, 2, 12.2477780412, 2.36777641646
0.519916144148, 0.162756108938, -0.00447787595846, -0.037961081449, -0.880252090689, -1.0966508006, 0.951699917182, 0.0483000828176, 2, 26.8908538738, 1.11562095205
0.197994847508, 0.228770532385, -0.909843659816, -0.57332294767, 0.40850477038, -0.752241034903, 0.611223090791, 0.388776909209, 2, 34.6371576885, 0.577414584069
0.808718167258, 0.477151781005, -0.802990701417, 1.20541405275, -0.708311232826, 0.274095219576, 0.875511919562, 0.124488080438, 2, 10.4185268639, 4.22324581727
0.381552405765, 0.515174278887, -1.43800461414, 0.528817514954, 1.1734703754, -0.949239465917, 0.816831078809, 0.183168921191, 0, 15.2500415174, 2.49179649488
0.096455223707, 0.218850836116, -0.338803797089, 0.177981556106, -0.928990985882, -1.29220438916, 0.968089538093, 0.0319104619074, 0, 36.7259178354, 0.190601090799
0.142866394887, 0.677990779691, -0.318882604604, -0.307156821844, -0.488928818183, -0.961567271298, 0.968975411672, 0.0310245883281, 2, 17.4399910479, 1.26146853743
0.460266781628, 0.129634381753, -0.396529205845, 0.0290396666511, -0.846727450101, -0.292266465642, 0.952941847297, 0.0470581527032, 0, 66.8015432788, 1.03291026843
0.826817250033, 0.0878562260799, -0.0557124773442, 0.107685091294, -1.05930259215, 2.25886629392, 0.989271476807, 0.0107285231927, 0, 42.4486701905, 1.38991397693
0.132545765376, 0.125439218535, -0.0833705776471, -0.817447338999, -1.58014683931, -1.12038676139, 0.816782031401, 0.183217968599, 2, 54.785214663, 0.109518599807
1.34678108492, 0.070153449407, 0.199809800843, -1.81994315247, -1.13268705955, 4.38898012683, 0.997745310394, 0.00225468960614, 0, 34.4998497819, 1.71015237379
0.135221733957, 0.0763035674302, 1.33259602327, -0.0926249317592, 0.53425102031, -1.51200763936, 0.915203381106, 0.0847966188935, 0, 69.633555323, 0.0861653547944
0.107058193164, 0.559656430563, -2.16055209669, 0.0975492040215, 4.42453270332, -1.21632322299, 0.985935542907, 0.0140644570935, 2, 33.2188372235, 0.872998648473
0.157184420308, 0.142217571389, -0.360630570269, 0.41021452724, -1.1330185763, -1.36910163453, 0.824958697441, 0.175041302559, 0, 30.5708806026, 0.163554333452
0.205031828854, 0.0830285472256, 0.0447200030915, -0.373372288954, -1.60634348993, -1.78775956914, 0.859979323156, 0.140020676844, 2, 50.3922525693, 0.0992216014381
0.195669560173, 0.0978567929606, -0.036509000782, -0.329955843817, -1.55920428728, -1.76072798371, 0.816006617817, 0.183993382183, 2, 41.9572616752, 0.11916888282
0.24792730807, 1.13039695454, 0.588262941915, -0.00849239093423, -0.47460163901, -1.40037346323, 0.988927423117, 0.0110725768827, 0, 13.2175053908, 3.17760415133
0.219098017535, 0.0844758360747, -0.0257859200109, 0.371160918584, -1.49637276369, -1.77172345973, 0.872534550318, 0.127465449682, 2, 43.3369192458, 0.115375067887
0.213594007878, 0.163602817849, 0.389899863307, -0.640232668434, -1.41664827283, -0.851662502589, 0.918817611483, 0.0811823885167, 0, 28.2324989288, 0.283361385054
0.167335175097, 0.104367749898, 1.01941381596, 0.769383568676, -0.566858456657, -0.387288552983, 0.868845791108, 0.131154208892, 0, 35.7759352293, 0.139758750343
0.31517380921, 0.693955830859, 1.51232673614, 0.604894237126, 1.04287577175, -1.02273913348, 0.898949028328, 0.101050971672, 0, 12.0330526563, 2.41002851299
